0.007526667,0.059989,-0.009108,-0.744699,0.664636
0.018688645,0.058223,-0.008857,-0.742653,0.667081
0.029132552,0.055923,-0.00851,-0.740311,0.669879
0.040494636,0.050941,-0.008036,-0.735131,0.67596
0.050519012,0.048429,-0.007855,-0.731967,0.67957
0.062467396,0.045735,-0.007587,-0.728617,0.68335
0.074364945,0.042865,-0.006872,-0.722532,0.689972
0.08282537,0.039788,-0.005954,-0.718495,0.694367
0.095048755,0.036628,-0.004573,-0.712005,0.701202
0.10638739,0.03304,-0.002996,-0.707019,0.706415
0.11583792,0.028818,-8.1E-4,-0.700288,0.713277
0.12693463,0.023655,0.002015,-0.694403,0.719193
0.14167178,0.009615,0.010098,-0.680639,0.732485
0.14958698,1.95E-4,0.015701,-0.671246,0.741067
0.16263099,-0.01118,0.022647,-0.66257,0.748573
0.1755978,-0.024726,0.031029,-0.649166,0.75961
0.18531677,-0.040004,0.040878,-0.638261,0.767692
0.19929688,-0.075247,0.063705,-0.610187,0.786098
0.21302594,-0.094479,0.076598,-0.596044,0.793685
0.22582746,-0.115394,0.089147,-0.573658,0.80601
0.23582746,-0.158329,0.117649,-0.538023,0.819524
0.24443817,-0.158329,0.117649,-0.538023,0.819524
0.25443816,-0.200977,0.155785,-0.49164,0.832843
0.2636386,-0.200977,0.155785,-0.49164,0.832843
0.27593213,-0.223861,0.173427,-0.470048,0.83598
0.29260865,-0.272343,0.209271,-0.41286,0.843552
0.3034678,-0.296174,0.22864,-0.382969,0.844593
0.3212258,-0.346159,0.262267,-0.304104,0.847885
0.33551982,-0.369649,0.278772,-0.263359,0.846337
0.34770483,-0.419886,0.290321,-0.168156,0.843286
0.35770482,-0.463941,0.301997,-0.075178,0.829399
0.36770484,-0.463941,0.301997,-0.075178,0.829399
0.37534255,-0.463941,0.301997,-0.075178,0.829399
0.38779545,-0.508768,0.303773,0.037367,0.804661
0.40137193,-0.528116,0.305277,0.091703,0.787076
0.40956032,-0.549294,0.298738,0.154417,0.764974
0.4233675,-0.565926,0.293748,0.210196,0.741118
0.43142173,-0.585022,0.274681,0.278187,0.71057
0.4448323,-0.596187,0.261405,0.332906,0.682202
0.4545444,-0.609402,0.230354,0.401607,0.643644
0.4645444,-0.614791,0.183561,0.504613,0.577669
0.47431263,-0.614791,0.183561,0.504613,0.577669
0.48542994,-0.61554,0.149196,0.558762,0.535383
0.50239444,-0.60864,0.094911,0.640813,0.458156
0.5119414,-0.604401,0.065957,0.677101,0.414586
0.52194136,-0.595233,0.0101,0.735448,0.323589
0.5307213,-0.595233,0.0101,0.735448,0.323589
0.54810613,-0.593906,-0.040171,0.767433,0.238133
0.5641851,-0.591933,-0.067598,0.778604,0.197026
0.5746306,-0.589571,-0.095032,0.785957,0.160142
0.59121156,-0.584589,-0.149594,0.791834,0.094207
0.6021078,-0.581614,-0.171715,0.792258,0.067563
0.6121078,-0.577032,-0.19688,0.791768,0.037073
0.6208005,-0.577032,-0.19688,0.791768,0.037073
0.6381541,-0.57413,-0.204228,0.792269,0.031206
0.6535681,-0.5721,-0.207232,0.792967,0.030963
0.66428924,-0.571447,-0.205939,0.793457,0.038238
0.6810818,-0.567779,-0.207761,0.794902,0.050908
0.691297,-0.566276,-0.205906,0.795633,0.062453
0.70129704,-0.559683,-0.205654,0.798575,0.082081
0.70995647,-0.559683,-0.205654,0.798575,0.082081
0.7272073,-0.551026,-0.20305,0.802171,0.107987
0.7372073,-0.541876,-0.200245,0.8054,0.132668
0.7459998,-0.541876,-0.200245,0.8054,0.132668
0.76061153,-0.536465,-0.203222,0.807597,0.136717
0.77208,-0.533529,-0.202255,0.808198,0.145785
0.7875137,-0.526623,-0.212391,0.810501,0.143682
0.8005863,-0.525809,-0.216087,0.809997,0.143995
0.8173046,-0.525322,-0.230843,0.808317,0.131799
0.82915986,-0.527469,-0.236908,0.805942,0.126912
0.8463914,-0.532228,-0.253967,0.800473,0.107124
0.8563914,-0.539732,-0.270296,0.792844,0.083815
0.86505556,-0.539732,-0.270296,0.792844,0.083815
0.8796735,-0.544105,-0.278269,0.788396,0.070321
0.8924533,-0.548973,-0.285728,0.78348,0.056085
0.90798753,-0.559596,-0.299628,0.772334,0.023935
0.92024684,-0.565405,-0.305411,0.766155,0.006783
0.93580645,0.576026,0.315648,-0.753414,0.030423
0.9481443,0.581311,0.319042,-0.746907,0.049162
0.9653939,0.590708,0.324301,-0.733399,0.089543
0.9753939,0.601157,0.323504,-0.719329,0.12853
0.983983,0.601157,0.323504,-0.719329,0.12853
0.9988497,0.606923,0.320918,-0.712008,0.147304
1.0111166,0.612899,0.31708,-0.704683,0.165028
1.0267136,0.625868,0.305214,-0.690877,0.194479
1.0388898,0.633346,0.297828,-0.683668,0.206803
1.0545356,0.652919,0.278765,-0.66688,0.226398
1.0666744,0.664876,0.266994,-0.657535,0.233024
1.0839839,0.685252,0.251643,-0.637247,0.247019
1.1014631,0.696142,0.249604,-0.62172,0.257969
1.1132388,0.697418,0.253529,-0.616732,0.262624
1.1223924,0.696583,0.259059,-0.61376,0.266378
1.1342087,0.697249,0.262447,-0.608233,0.273892
1.1467124,0.699058,0.26491,-0.602307,0.279936
1.1633388,0.714051,0.267219,-0.581523,0.28382
1.1747414,0.730874,0.260264,-0.568377,0.273918
1.1920555,0.768486,0.24054,-0.544838,0.233922
1.2090069,0.785261,0.228972,-0.539581,0.199469
1.2242092,0.806999,0.203388,-0.538181,0.133213
1.2363077,0.810893,0.184807,-0.545824,0.101851
1.2522994,0.807897,0.150328,-0.567839,0.04755
1.2643336,0.804816,0.128801,-0.579042,0.019743
1.2816973,-0.796543,-0.08905,0.597263,0.029393
1.2991748,-0.791104,-0.072455,0.605272,0.05049
1.3143318,-0.777745,-0.045843,0.620737,0.087717
1.3258884,-0.770673,-0.034798,0.627622,0.1046
1.3412677,-0.757972,-0.016566,0.637993,0.13479
1.3539691,-0.753054,-0.008286,0.640985,0.148251
1.3623012,-0.749424,-1.7E-5,0.642365,0.160403
1.3723012,-0.746189,0.011667,0.642047,0.175611
1.3809539,-0.746189,0.011667,0.642047,0.175611
1.3969619,-0.74636,0.016247,0.640543,0.179958
1.4135376,-0.748431,0.028481,0.635362,0.188027
1.4250332,-0.749766,0.031948,0.633456,0.188582
1.4419447,-0.752608,0.038889,0.629704,0.188518
1.4527713,-0.754246,0.039919,0.628315,0.18638
1.4627713,-0.756772,0.043005,0.625665,0.18436
1.4712468,-0.756772,0.043005,0.625665,0.18436
1.4807048,-0.757345,0.042393,0.625371,0.183145
1.4979705,-0.7573,0.039599,0.626024,0.181717
1.513796,-0.755269,0.033422,0.628216,0.183836
1.5254074,-0.753928,0.017946,0.63229,0.177422
1.5409889,-0.749884,0.001301,0.636049,0.181968
1.553308,-0.747463,-0.024478,0.641176,0.172024
1.5687416,-0.74322,-0.053781,0.643193,0.176161
1.5810707,-0.739708,-0.088877,0.646914,0.162584
1.5970619,-0.735035,-0.127284,0.649549,0.146994
1.6144005,-0.731401,-0.170982,0.643463,0.14755
1.6242167,-0.72473,-0.211952,0.642197,0.131998
1.6410266,-0.719918,-0.259011,0.630269,0.131873
1.6531192,-0.711093,-0.297177,0.626139,0.118236
1.6699996,-0.704426,-0.337855,0.612612,0.119763
1.680266,-0.69563,-0.365321,0.608224,0.112702
1.690266,-0.683463,-0.400794,0.599899,0.111182
1.6988688,-0.683463,-0.400794,0.599899,0.111182
1.7148372,-0.676472,-0.415828,0.597692,0.110613
1.732229,-0.66618,-0.431966,0.596259,0.11867
1.7420831,-0.659417,-0.438783,0.598122,0.12201
1.7587376,-0.648182,-0.441238,0.606021,0.133813
1.769583,-0.642158,-0.439507,0.612322,0.139737
1.779583,-0.633454,-0.42476,0.627687,0.155958
1.7876664,-0.633454,-0.42476,0.627687,0.155958
1.7971284,-0.630033,-0.414449,0.636073,0.1634
1.814576,-0.629153,-0.400225,0.643748,0.171969
1.8304708,-0.630597,-0.368328,0.657933,0.18386
1.8418525,-0.632248,-0.353042,0.664278,0.185355
1.8572509,-0.638682,-0.32423,0.673934,0.181027
1.8693234,-0.643875,-0.310364,0.676797,0.176189
1.8832452,-0.649136,-0.299707,0.678942,0.166838
1.8970871,-0.662838,-0.28203,0.67899,0.141686
1.9131148,-0.671268,-0.274198,0.676798,0.127115
1.9303743,-0.687394,-0.267335,0.669574,0.087691
1.9402975,-0.695501,-0.265231,0.664515,0.065952
1.9571359,-0.706739,-0.26769,0.654697,0.015244
1.967944,0.711253,0.267001,-0.650193,0.008816
1.9854069,0.714268,0.273098,-0.641019,0.065813
1.9946067,0.715313,0.273305,-0.636403,0.092855
2.0118806,0.715142,0.27381,-0.631688,0.120697
2.0278196,0.711209,0.275979,-0.62157,0.177949
2.0395823,0.709143,0.274185,-0.61682,0.203641
2.0551515,0.704433,0.26935,-0.60659,0.251537
2.0672688,0.703389,0.263735,-0.601969,0.270776
2.080599,0.703097,0.257365,-0.59725,0.28759
2.094826,0.707194,0.238852,-0.588899,0.309875
2.1112783,0.711382,0.227761,-0.584853,0.316236
2.1212783,0.723748,0.201566,-0.577424,0.319593
2.1307623,0.723748,0.201566,-0.577424,0.319593
2.1466484,0.738301,0.175882,-0.569442,0.315771
2.1582932,0.747704,0.154272,-0.569483,0.304674
2.1737936,0.761745,0.128848,-0.563662,0.292276
2.186021,0.769668,0.105814,-0.565416,0.276981
2.1996996,0.775213,0.094672,-0.563319,0.269727
2.2117014,0.780853,0.077898,-0.563688,0.257789
2.228974,0.789486,0.057178,-0.561292,0.241645
2.2460532,0.79627,0.046897,-0.556969,0.231385
2.2561388,0.799438,0.039514,-0.555852,0.224418
2.2729175,0.804375,0.039844,-0.55031,0.22034
2.2837849,0.8066,0.040025,-0.547975,0.217981
2.3000312,0.808478,0.044182,-0.544781,0.218226
2.3094943,0.810107,0.049978,-0.541344,0.219485
2.3194942,0.812644,0.063034,-0.534889,0.22255
2.3281293,0.812644,0.063034,-0.534889,0.22255
2.3439791,0.814748,0.075503,-0.529383,0.224136
2.356028,0.815881,0.080685,-0.527097,0.223595
2.370265,0.816984,0.085733,-0.525033,0.222545
2.383986,0.819171,0.092967,-0.522576,0.217322
2.3974915,0.820016,0.096094,-0.522171,0.213718
2.4099963,0.820479,0.099952,-0.522211,0.210042
2.4272053,0.820477,0.107349,-0.524415,0.200699
2.4444976,0.819616,0.112189,-0.529618,0.187473
2.4543285,0.81844,0.116168,-0.532765,0.181165
2.4711242,0.815058,0.124122,-0.540544,0.167586
2.4819708,0.812535,0.130341,-0.544527,0.162132
2.4977872,0.809671,0.136492,-0.548881,0.156622
2.5087352,0.80589,0.145874,-0.552986,0.153188
2.5187352,0.797401,0.165013,-0.561698,0.146347
2.5273783,0.797401,0.165013,-0.561698,0.146347
2.544661,0.787828,0.185691,-0.56999,0.141264
2.561087,0.776115,0.209094,-0.578611,0.138326
2.5721233,0.768323,0.225471,-0.582433,0.140045
2.587657,0.761298,0.238401,-0.586748,0.138982
2.5974152,0.752986,0.255173,-0.589968,0.140841
2.607415,0.739568,0.280062,-0.596274,0.138055
2.616385,0.739568,0.280062,-0.596274,0.138055
2.6337228,0.728483,0.301265,-0.600659,0.133264
2.6502862,0.721433,0.314878,-0.60426,0.12351
2.6617787,0.718743,0.320346,-0.605744,0.117724
2.676821,0.716926,0.323805,-0.607448,0.110332
2.6873899,0.714361,0.328704,-0.6089,0.104311
2.69739,0.711254,0.332978,-0.612758,0.088149
2.705898,0.711254,0.332978,-0.612758,0.088149
2.723336,0.708047,0.334968,-0.617546,0.071429
2.7398715,0.703544,0.335207,-0.624184,0.055274
2.7501564,0.700701,0.334658,-0.628348,0.046896
2.7658134,0.695954,0.337294,-0.632599,0.041199
2.7745893,0.690701,0.340388,-0.637024,0.035597
2.7899337,0.676639,0.353035,-0.645497,0.029294
2.7990556,0.669448,0.359906,-0.649335,0.025898
2.8140152,0.661097,0.369329,-0.652648,0.024432
2.824171,0.652536,0.379641,-0.655377,0.02343
2.8420997,0.634956,0.40278,-0.65884,0.022969
2.8550622,0.626644,0.414386,-0.659619,0.022414
2.8678231,0.6098,0.439023,-0.659451,0.022946
2.8823566,0.602608,0.450058,-0.658644,0.022324
2.893519,0.595461,0.461375,-0.6573,0.022673
2.9100385,0.584927,0.479457,-0.653848,0.021495
2.9249353,0.58105,0.486586,-0.65206,0.020744
2.9340892,0.577686,0.492817,-0.65038,0.020365
2.9519904,0.574109,0.500107,-0.64804,0.018306
2.967134,0.574442,0.500051,-0.647889,0.014268
2.9793415,0.574523,0.499038,-0.648619,0.0133
2.9924986,0.575931,0.49594,-0.649782,0.011316
3.0037558,0.578182,0.491467,-0.651216,0.009075
3.0211108,0.587539,0.475873,-0.654477,0.001109
3.0384312,0.592996,0.464743,-0.657536,0.003755
3.048259,0.599299,0.454767,-0.658802,0.002353
3.0637002,0.602378,0.449231,-0.659756,0.007184
3.0735705,0.608411,0.439971,-0.660436,0.009204
3.0835707,0.616314,0.428299,-0.660408,0.024021
3.0924375,0.616314,0.428299,-0.660408,0.024021
3.1096494,0.624669,0.418204,-0.657956,0.044564
3.1263957,0.630382,0.414346,-0.652136,0.075183
3.136818,0.63533,0.409732,-0.648518,0.08887
3.1521447,0.637446,0.409571,-0.64365,0.10783
3.162831,0.640524,0.407812,-0.638406,0.125914
3.1728313,0.643467,0.408483,-0.625083,0.168406
3.1817079,0.643467,0.408483,-0.625083,0.168406
3.1990628,0.643891,0.410937,-0.608487,0.215121
3.2163556,0.640843,0.415271,-0.588422,0.265759
3.226219,0.639488,0.415403,-0.578344,0.289846
3.2378955,0.636253,0.417128,-0.567046,0.315664
3.2476249,0.632984,0.417549,-0.555921,0.340491
3.2599456,0.628779,0.418058,-0.544336,0.365459
3.2692604,0.625223,0.416324,-0.533754,0.388427
3.2815123,0.620929,0.414712,-0.522857,0.411193
3.291489,0.617696,0.410955,-0.513167,0.431538
3.304748,0.613555,0.400991,-0.49421,0.467451
3.3152108,0.615986,0.390956,-0.487147,0.480001
3.3265026,0.618076,0.382418,-0.478473,0.492747
3.337065,0.621191,0.37308,-0.470487,0.50356
3.3484073,0.625113,0.36314,-0.463581,0.512303
3.3587508,0.630556,0.351059,-0.459448,0.517747
3.3703225,0.635224,0.341063,-0.454748,0.522847
3.3808482,0.644595,0.322925,-0.457837,0.520193
3.390729,0.649912,0.313927,-0.454553,0.521961
3.4013603,0.658342,0.29944,-0.457069,0.517694
3.4154365,0.667313,0.289065,-0.453819,0.514957
3.426025,0.671384,0.284491,-0.455617,0.510607
3.4379778,0.672634,0.285609,-0.455753,0.508211
3.4473739,0.67317,0.287201,-0.457975,0.504594
3.4592886,0.671122,0.293578,-0.458612,0.503071
3.4692652,0.667979,0.301324,-0.459859,0.501533
3.4825926,0.65588,0.326072,-0.459346,0.502493
3.4930382,0.64764,0.34104,-0.458795,0.503746
3.5027065,0.637354,0.358538,-0.457308,0.506061
3.5127063,0.611621,0.398313,-0.451941,0.512849
3.52351,0.611621,0.398313,-0.451941,0.512849
3.5339742,0.597117,0.418963,-0.448492,0.516501
3.5439665,0.575919,0.447531,-0.437359,0.526068
3.5555105,0.560064,0.468074,-0.432334,0.529454
3.5650287,0.534325,0.499219,-0.415613,0.540871
3.5772855,0.518723,0.518484,-0.409084,0.542907
3.5865495,0.497251,0.543098,-0.395285,0.549122
3.598464,0.483378,0.560126,-0.388317,0.549374
3.6084087,0.465143,0.580104,-0.376822,0.552381
3.6217718,0.440634,0.607139,-0.366902,0.550095
3.6322231,0.426955,0.620111,-0.361829,0.549772
3.6433823,0.415229,0.630598,-0.35945,0.548384
3.6537564,0.402955,0.640078,-0.357759,0.547662
3.6650405,0.391076,0.648064,-0.357451,0.547083
3.675324,0.378859,0.65566,-0.357306,0.546722
3.6853237,0.358629,0.667444,-0.360624,0.543922
3.6939058,0.358629,0.667444,-0.360624,0.543922
3.7113712,0.331996,0.680048,-0.358611,0.546543
3.7260284,0.321463,0.68417,-0.359534,0.547089
3.7366948,0.306028,0.690069,-0.356248,0.55067
3.7466948,0.281585,0.697563,-0.353577,0.555965
3.7553513,0.281585,0.697563,-0.353577,0.555965
3.772663,0.254426,0.707253,-0.344085,0.562729
3.790077,0.237063,0.7154,-0.334477,0.565798
3.799972,0.223791,0.721429,-0.322845,0.570286
3.8155856,0.216717,0.725573,-0.314321,0.57252
3.825745,0.200785,0.732123,-0.297384,0.579001
3.8357453,0.183465,0.739868,-0.271312,0.587643
3.844707,0.183465,0.739868,-0.271312,0.587643
3.861994,0.16728,0.745699,-0.240222,0.598534
3.8792334,0.163092,0.747547,-0.213028,0.607611
3.8897295,0.159881,0.748314,-0.196574,0.613042
3.90462,0.160168,0.748103,-0.181787,0.61777
3.9152992,0.157062,0.748412,-0.163134,0.623375
3.925299,0.161833,0.746315,-0.132513,0.631872
3.9335444,0.161833,0.746315,-0.132513,0.631872
3.9428756,0.16055,0.746021,-0.1131,0.636304
3.9528756,0.175838,0.741748,-0.087846,0.641227
3.9616466,0.175838,0.741748,-0.087846,0.641227
3.9789567,0.194271,0.737036,-0.064433,0.644115
3.9942715,0.202964,0.735057,-0.052572,0.644773
4.002966,0.212439,0.733114,-0.041901,0.644714
4.014949,0.226148,0.730118,-0.035566,0.643831
4.031019,0.248732,0.726082,-0.022006,0.640666
4.041914,0.260947,0.723991,-0.019634,0.638245
4.0591283,0.292059,0.717162,-0.029308,0.632076
4.0751166,0.301178,0.71601,-0.031533,0.628988
4.083948,0.327301,0.706621,-0.050455,0.62531
4.1016526,0.333811,0.704633,-0.055116,0.623717
4.1124277,0.339737,0.700407,-0.063588,0.624471
4.1224275,0.336623,0.697408,-0.072788,0.628496
4.1310863,0.336623,0.697408,-0.072788,0.628496
4.139587,0.329952,0.698206,-0.075037,0.630878
4.151713,0.335985,0.692969,-0.090025,0.631508
4.161842,0.327379,0.694689,-0.092906,0.633717
4.1737247,0.328238,0.691656,-0.106061,0.634524
4.183467,0.317007,0.693877,-0.110233,0.637094
4.1971865,0.292569,0.697728,-0.122899,0.642241
4.21174,0.27795,0.700335,-0.12919,0.644658
4.223114,0.263737,0.702919,-0.136522,0.646303
4.2334967,0.249027,0.706023,-0.143605,0.647219
4.247069,0.210315,0.716825,-0.15444,0.646588
4.2610455,0.195389,0.721974,-0.164832,0.642967
4.273115,0.176144,0.728557,-0.169579,0.639859
4.288166,0.152393,0.73751,-0.187538,0.630621
4.2990026,0.139929,0.741504,-0.194517,0.6267
4.309352,0.129599,0.744859,-0.202743,0.622321
4.3207054,0.117072,0.748694,-0.209145,0.618068
4.3375044,0.096949,0.755961,-0.22732,0.606175
4.3502755,0.088781,0.758582,-0.237777,0.60011
4.358675,0.081858,0.760253,-0.24756,0.595002
4.3686748,0.073835,0.761046,-0.26531,0.587338
4.3774147,0.073835,0.761046,-0.26531,0.587338
4.3934035,0.071788,0.7611,-0.273917,0.583559
4.4099274,0.074891,0.761154,-0.297474,0.57144
4.4213667,0.073036,0.76215,-0.309132,0.564118
4.4382052,0.070671,0.760308,-0.344023,0.546428
4.448997,0.071447,0.759331,-0.363149,0.535194
4.458997,0.092195,0.755242,-0.412732,0.50076
4.467694,0.092195,0.755242,-0.412732,0.50076
4.485021,0.116041,0.750479,-0.460234,0.45989
4.501935,0.137036,0.745725,-0.488572,0.431753
4.517149,0.142846,0.739031,-0.524584,0.397791
4.529326,0.162657,0.729878,-0.552442,0.368275
4.5452795,0.166428,0.713289,-0.592657,0.335077
4.5573506,0.186447,0.697533,-0.622288,0.302391
4.5746727,0.209645,0.663775,-0.673493,0.24871
4.5854135,0.209521,0.648195,-0.693798,0.233635
4.594823,0.233868,0.622922,-0.721501,0.191598
4.606789,0.232778,0.605297,-0.740147,0.177794
4.615675,0.253106,0.577661,-0.764062,0.135841
4.6277246,0.249632,0.558785,-0.781291,0.122577
4.638888,0.259408,0.532839,-0.800614,0.088352
4.650419,0.253331,0.513682,-0.816247,0.075454
4.6604238,0.254697,0.49025,-0.832108,0.048773
4.673248,0.238263,0.453562,-0.858479,0.022901
4.687796,0.233545,0.434186,-0.87002,0.00149
4.6996756,-0.223763,-0.41849,0.880167,0.010047
4.709941,-0.214395,-0.403329,0.889312,0.021977
4.7246475,-0.191151,-0.376684,0.905675,0.036348
4.732608,-0.181168,-0.363218,0.9126,0.049091
4.7433305,-0.169709,-0.351921,0.918653,0.058527
4.752325,-0.160636,-0.341516,0.923161,0.073043
4.763712,-0.151025,-0.333416,0.92689,0.083065
4.7715054,-0.145196,-0.325861,0.929101,0.097478
4.781443,-0.140353,-0.319389,0.931028,0.107125
4.790303,-0.138223,-0.311601,0.932464,0.119621
4.803477,-0.13323,-0.303865,0.935389,0.122316
4.8122993,-0.13063,-0.293677,0.937419,0.133918
4.8235035,-0.12549,-0.283466,0.940434,0.139576
4.8322,-0.121978,-0.27178,0.942513,0.151409
4.8435454,-0.117213,-0.260282,0.945377,0.157404
4.851505,-0.114844,-0.247645,0.947138,0.168555
4.864495,-0.112119,-0.234752,0.949492,0.175455
4.875684,-0.109927,-0.220437,0.951493,0.184343
4.8881764,-0.105069,-0.2063,0.955562,0.182484
4.897754,-0.102084,-0.1906,0.957809,0.189345
4.911054,-0.093905,-0.159663,0.963308,0.194234
4.920155,-0.089791,-0.144563,0.965231,0.19841
4.9317665,-0.084535,-0.130968,0.968151,0.195915
4.94208,-0.079925,-0.118021,0.969621,0.198791
4.9536467,-0.074571,-0.107137,0.972343,0.193674
4.9651623,-0.070429,-0.097164,0.973307,0.195632
4.976773,-0.066113,-0.088843,0.975107,0.192098
4.986833,-0.062763,-0.081316,0.975692,0.193579
5.0000224,-0.056656,-0.068537,0.977395,0.191809
5.0082088,-0.053916,-0.062286,0.977715,0.193093
5.0202208,-0.051304,-0.056429,0.978309,0.192599
5.0295787,-0.049356,-0.050839,0.978301,0.194691
5.0414853,-0.048246,-0.045623,0.978367,0.19593
5.050759,-0.048045,-0.040197,0.978278,0.197602
5.062779,-0.048349,-0.033879,0.97834,0.198404
5.0734153,-0.049073,-0.026485,0.978257,0.199756
5.0858603,-0.050215,-0.018876,0.978239,0.200424
5.0954905,-0.051929,-0.011903,0.97792,0.202073
5.107406,-0.054332,-0.006222,0.977002,0.206093
5.11893,-0.061197,-6.33E-4,0.976092,0.208563
5.129523,-0.065039,7.6E-4,0.974004,0.21699
5.1407,-0.06889,0.001299,0.9737,0.217163
5.151091,-0.072612,0.002362,0.972178,0.222689
5.1591105,-0.0758,0.003669,0.971979,0.222477
5.1701136,-0.078165,0.006064,0.97085,0.226502
5.1786838,-0.079925,0.00852,0.970689,0.226496
5.188773,-0.081292,0.011192,0.969893,0.229286
5.196801,-0.082617,0.01333,0.969708,0.229482
5.2073903,-0.084121,0.015294,0.968609,0.233423
5.2145734,-0.084121,0.015294,0.968609,0.233423
5.2294683,-0.088278,0.016628,0.967829,0.235025
5.238345,-0.090457,0.016419,0.967776,0.234429
5.2493243,-0.092278,0.016188,0.967633,0.234326
5.2573643,-0.093676,0.015993,0.967638,0.233764
5.2680144,-0.094685,0.015879,0.967249,0.23497
5.2783756,-0.095561,0.015373,0.967133,0.235127
5.290018,-0.096326,0.014543,0.966714,0.236586
5.3014216,-0.096948,0.013366,0.966464,0.237421
5.312947,-0.097283,0.012216,0.966174,0.238524
5.3230686,-0.097366,0.011315,0.965846,0.239858
5.3344817,-0.097173,0.010837,0.965522,0.241257
5.345038,-0.096725,0.010851,0.96514,0.242961
5.358295,-0.095498,0.011542,0.964589,0.245588
5.3683376,-0.094781,0.011942,0.964184,0.24743
5.380305,-0.093906,0.012245,0.963971,0.248575
5.389842,-0.092742,0.01266,0.963615,0.250366
5.4026895,-0.091169,0.01299,0.963879,0.249909
5.413959,-0.088996,0.013676,0.963581,0.2518
5.427033,-0.083058,0.015244,0.962642,0.257272
5.4374895,-0.079653,0.015844,0.962401,0.259205
5.44791,-0.07641,0.016157,0.96269,0.25909
5.4568253,-0.073497,0.016614,0.962464,0.260736
5.4677277,-0.070852,0.017283,0.962251,0.262207
5.4800596,-0.06845,0.018119,0.962497,0.261888
5.4912777,-0.066201,0.019424,0.962294,0.263115
5.5018344,-0.063902,0.021477,0.960416,0.270288
5.512614,-0.061777,0.023282,0.960057,0.271902
5.5231423,-0.05965,0.025126,0.95862,0.277232
5.5363636,-0.055953,0.02692,0.957744,0.280839
5.5444345,-0.054416,0.027489,0.956751,0.284446
5.556896,-0.053231,0.028034,0.956495,0.285476
5.5670624,-0.052265,0.029056,0.95594,0.287404
5.578936,-0.05144,0.030663,0.955756,0.287998
5.5882316,-0.050521,0.032929,0.955602,0.288422
5.5993066,-0.049382,0.035701,0.955268,0.289394
5.611513,-0.048457,0.038239,0.957482,0.281809
5.623173,-0.045566,0.043121,0.956668,0.284341
5.6331735,-0.042143,0.046015,0.95659,0.284676
5.643173,-0.042143,0.046015,0.95659,0.284676
5.65451,-0.042143,0.046015,0.95659,0.284676
5.6629596,-0.041242,0.045954,0.956202,0.286118
5.669632,-0.041417,0.045796,0.957288,0.282465
5.681374,-0.04052,0.045639,0.956911,0.283893
5.6902537,-0.039458,0.045743,0.957513,0.281991
5.7011023,-0.03768,0.046704,0.957137,0.28335
5.7089157,-0.035734,0.048038,0.959471,0.275373
5.720795,-0.032835,0.05031,0.959121,0.276545
5.7287135,-0.030125,0.052754,0.961329,0.268616
5.7419934,-0.026791,0.055873,0.961012,0.269472
5.753468,-0.020703,0.06197,0.962435,0.263531
5.765078,-0.017853,0.064453,0.962058,0.264518
5.776686,-0.015638,0.066116,0.963224,0.259965
5.7876964,-0.013356,0.067213,0.962882,0.261078
5.798263,-0.011509,0.06779,0.962775,0.26141
5.8091197,-0.00991,0.068077,0.962402,0.262771
5.8195114,-0.008477,0.06837,0.962164,0.263614
5.830851,-0.006969,0.068961,0.961757,0.264987
5.8412213,-0.005456,0.070011,0.96148,0.26575
5.8546324,-0.001701,0.073532,0.960543,0.268229
5.8650804,6.73E-4,0.075582,0.959168,0.272549
5.876566,0.002765,0.077407,0.958614,0.273968
5.8866043,0.005288,0.078868,0.956088,0.282216
5.8980694,0.007042,0.080046,0.955538,0.283705
5.907652,0.008877,0.080979,0.953481,0.290235
5.919986,0.009919,0.081868,0.952985,0.291576
5.929334,0.010953,0.082862,0.951546,0.295927
5.9427,0.012291,0.085098,0.950561,0.298394
5.9546876,0.013313,0.086017,0.949458,0.301582
5.966025,0.014191,0.086695,0.94884,0.303288
5.9766088,0.015173,0.087147,0.947624,0.306892
5.9873695,0.015821,0.0876,0.947041,0.308525
5.997774,0.01617,0.088094,0.946254,0.310774
6.0091233,0.016237,0.088773,0.945866,0.311757
6.019368,0.016609,0.089705,0.945068,0.313881
6.0327587,0.017982,0.091739,0.944291,0.315554
6.04306,0.019147,0.092477,0.943422,0.317861
6.0545855,0.020309,0.09291,0.94295,0.319059
6.064647,0.021528,0.0929,0.94185,0.322215
6.0759873,0.022306,0.092584,0.941474,0.323351
6.0856075,0.023124,0.091885,0.940373,0.326678
6.0979404,0.023579,0.091028,0.94021,0.327355
6.1072855,0.024123,0.09006,0.939218,0.330417
6.1206837,0.02372,0.08844,0.939197,0.330942
6.1327057,0.023324,0.087776,0.938579,0.332896
6.143845,0.022593,0.08734,0.938684,0.332765
6.1544385,0.02218,0.087098,0.937661,0.335726
6.165238,0.021603,0.087061,0.937656,0.335788
6.1747103,0.021289,0.086865,0.936911,0.337932
6.1863174,0.020806,0.086411,0.936745,0.338539
6.1966076,0.020446,0.085567,0.935652,0.341781
6.210205,0.018767,0.083696,0.935224,0.343507
6.221055,0.017944,0.083007,0.93427,0.346303
6.2327433,0.017074,0.082836,0.934097,0.346853
6.2430186,0.017006,0.082997,0.931885,0.35272
6.254676,0.016812,0.083448,0.931664,0.353206
6.264227,0.017322,0.083733,0.92947,0.358849
6.2761083,0.017395,0.083794,0.929259,0.359377
6.285515,0.017588,0.083476,0.927743,0.363336
6.299,0.016888,0.082937,0.9279,0.363093
6.3106437,0.01689,0.083174,0.927308,0.364549
6.321713,0.017063,0.083963,0.927607,0.363597
6.3323255,0.017703,0.084854,0.927294,0.364157
6.3431463,0.01827,0.085404,0.927538,0.36338
6.353591,0.01879,0.08526,0.927393,0.363756
6.364901,0.018884,0.084504,0.927795,0.362902
6.3751307,0.018611,0.083262,0.927979,0.362733
6.3885803,0.017097,0.080274,0.929324,0.360027
6.3990664,0.016409,0.078896,0.92984,0.359029
6.4105287,0.015975,0.077905,0.930494,0.357568
6.420627,0.015962,0.077294,0.930322,0.35815
6.4320736,0.015879,0.077009,0.930764,0.357065
6.441544,0.015888,0.076686,0.930283,0.358383
6.45398,0.015484,0.076275,0.930679,0.357459
6.46324,0.014927,0.075663,0.930773,0.357368
6.475499,0.01424,0.075036,0.931265,0.356246
6.485455,0.013629,0.074578,0.931802,0.354958
6.4986196,0.01332,0.074477,0.932598,0.352895
6.5089884,0.013449,0.074831,0.933194,0.351236
6.5202966,0.013587,0.07528,0.933542,0.35021
6.5309916,0.013703,0.075782,0.933414,0.350439
6.5423617,0.013628,0.076352,0.933756,0.349404
6.5526342,0.013561,0.076983,0.934135,0.348254
6.5643783,0.013631,0.077672,0.934446,0.347262
6.5748467,0.013818,0.07834,0.934892,0.3459
6.588012,0.013448,0.079445,0.935638,0.343639
6.5978312,0.013114,0.07965,0.936536,0.34115
6.609611,0.013509,0.080166,0.937222,0.339124
6.6198444,0.014458,0.081473,0.937963,0.336716
6.6319895,0.015775,0.083339,0.938518,0.334646
6.641281,0.017055,0.085319,0.939505,0.331297
6.653644,0.018426,0.086833,0.940117,0.329087
6.663614,0.01956,0.087393,0.9407,0.327204
6.676781,0.021135,0.085064,0.941474,0.325488
6.6871753,0.021537,0.083071,0.942478,0.323064
6.6983967,0.022001,0.081443,0.942928,0.322132
6.708981,0.022381,0.080967,0.943613,0.320214
6.7204356,0.023056,0.081731,0.94383,0.31933
6.730801,0.023809,0.083214,0.94412,0.318031
6.742528,0.024526,0.084552,0.94409,0.317715
6.7531323,0.025055,0.085261,0.944076,0.317524
6.766419,0.025226,0.085264,0.943824,0.318258
6.7762346,0.023088,0.08475,0.943928,0.318251
6.7880287,0.019637,0.08337,0.944593,0.316871
6.7977133,0.016655,0.081699,0.942619,0.323291
6.8100276,0.013159,0.080699,0.94283,0.323085
6.819413,0.010536,0.080033,0.939602,0.332612
6.8316503,0.007194,0.079383,0.939244,0.333866
6.841556,0.004399,0.078584,0.936883,0.340667
6.854869,1.79E-4,0.078001,0.936365,0.34225
6.8651958,2.0E-5,0.078652,0.935017,0.34577
6.8764515,3.61E-4,0.079847,0.934779,0.346136
6.8870125,0.00123,0.081341,0.933539,0.349123
6.898441,0.002033,0.082602,0.933351,0.349324
6.9086814,0.002832,0.083201,0.932816,0.350604
6.91998,0.003136,0.082746,0.93262,0.35123
6.9306,0.003011,0.081236,0.932178,0.352753
6.940754,0.002578,0.079224,0.932035,0.353591
6.951302,0.002296,0.077471,0.931731,0.354779
6.9654713,0.002515,0.07624,0.931895,0.354614
6.976031,0.003114,0.076621,0.931796,0.354787
6.9881234,0.003814,0.077283,0.931841,0.354519
6.99745,0.004395,0.077827,0.932606,0.352374
7.0093555,0.00508,0.078035,0.9327,0.352071
7.019303,0.005516,0.078019,0.933459,0.35005
7.0328975,0.006482,0.077681,0.933566,0.349824
7.043452,0.006867,0.07753,0.93418,0.348207
7.054423,0.007432,0.077475,0.934228,0.348078
7.0649743,0.007857,0.07761,0.934796,0.346511
7.0766964,0.008309,0.077904,0.934891,0.346177
7.0869823,0.008561,0.078302,0.935529,0.344353
7.0982966,0.00872,0.078709,0.935723,0.343729
7.107992,0.008518,0.079145,0.936618,0.341189
7.118414,0.008329,0.079497,0.936889,0.340367
7.128952,0.00794,0.07976,0.937808,0.337772
7.1421657,0.007821,0.080082,0.938199,0.336611
7.1520486,0.00785,0.080255,0.938963,0.334432
7.1639595,0.008098,0.08035,0.939062,0.334124
7.1735163,0.008327,0.080417,0.939161,0.333826
7.185743,0.00847,0.080494,0.939291,0.333436
7.1951375,0.008508,0.080616,0.939545,0.33269
7.207433,0.0085,0.080735,0.939751,0.332078
7.2173266,0.008359,0.08083,0.940397,0.330226
7.2273602,0.008247,0.080911,0.940615,0.329588
7.2373457,0.007948,0.080898,0.941426,0.327273
7.2492204,0.007826,0.08078,0.941622,0.326741
7.2612276,0.007579,0.080601,0.942302,0.324825
7.2732296,0.007527,0.080529,0.942454,0.324404
7.282828,0.007501,0.080472,0.942712,0.323668
7.2945833,0.007463,0.080441,0.942878,0.323192
7.3048244,0.007295,0.08039,0.94327,0.322063
7.3161488,0.007154,0.080317,0.94345,0.321557
7.326663,0.006862,0.080283,0.943938,0.320137
7.3380322,0.006618,0.080252,0.944118,0.319619
7.350242,0.006008,0.080214,0.945039,0.316906
7.362243,0.005794,0.080171,0.945197,0.31645
7.3717937,0.005673,0.080111,0.945128,0.316672
7.384095,0.005561,0.080064,0.945269,0.316266
7.3933783,0.005567,0.080018,0.945172,0.316568
7.405348,0.00558,0.079982,0.945299,0.316196
7.415308,0.005687,0.079936,0.945119,0.316744
7.4257,0.005699,0.07986,0.945269,0.316316
7.437385,0.005811,0.079752,0.945053,0.316984
7.4505167,0.005898,0.079546,0.945411,0.315966
7.461164,0.006134,0.079526,0.94483,0.317699
7.472904,0.006248,0.079608,0.944998,0.317176
7.4833493,0.006509,0.079712,0.944679,0.318095
7.4946904,0.006689,0.079772,0.944826,0.31764
7.505175,0.007049,0.07973,0.944478,0.318675
7.519208,0.007529,0.079387,0.944749,0.317944
7.5296044,0.007882,0.079101,0.944523,0.318678
7.541733,0.008187,0.07886,0.944643,0.318375
7.5510645,0.008631,0.078628,0.94419,0.31976
7.5633807,0.008894,0.078451,0.944311,0.319438
7.57333,0.009168,0.078324,0.944133,0.319988
7.5837364,0.009338,0.078296,0.944269,0.319589
7.593794,0.009542,0.078333,0.944298,0.319488
7.6081996,0.010074,0.078293,0.944457,0.319013
7.619337,0.010525,0.078146,0.943963,0.32049
7.630789,0.010792,0.077963,0.944019,0.320364
7.6410623,0.011027,0.077774,0.94399,0.320487
7.652804,0.011199,0.07767,0.944055,0.320315
7.663403,0.011372,0.077667,0.944052,0.320317
7.6774144,0.011725,0.077856,0.944094,0.320136
7.687788,0.01202,0.077962,0.943786,0.321003
7.700047,0.012217,0.078011,0.943771,0.32103
7.709363,0.012328,0.077996,0.943696,0.321251
7.7212896,0.012325,0.077931,0.943717,0.321205
7.731203,0.012264,0.077868,0.943811,0.320945
7.7435055,0.012212,0.077871,0.943824,0.320908
7.7538147,0.012178,0.077918,0.943748,0.321122
7.7652497,0.012168,0.07803,0.943729,0.32115
7.7770543,0.012599,0.078385,0.942869,0.323563
7.78836,0.012811,0.078448,0.942739,0.323919
7.800363,0.013076,0.078384,0.942539,0.324506
7.8094916,0.013334,0.078356,0.942414,0.324865
7.81804,0.013546,0.07849,0.942529,0.324488
7.829186,0.013787,0.078761,0.942376,0.324859
7.8390183,0.013816,0.07907,0.942653,0.323978
7.8498745,0.013798,0.079307,0.94256,0.324192
7.8598156,0.01364,0.079515,0.942666,0.323836
7.8706117,0.013507,0.079717,0.942594,0.324004
7.880766,0.013358,0.079935,0.942697,0.323655
7.892865,0.013309,0.080074,0.942589,0.323938
7.9033017,0.013281,0.080101,0.94242,0.324423
7.9158545,0.013107,0.079931,0.942264,0.324926
7.9251523,0.013043,0.079901,0.942161,0.325235
7.9370427,0.013021,0.07999,0.942087,0.325427
7.945998,0.013012,0.080148,0.942091,0.325378
7.9573708,0.013124,0.080336,0.941983,0.325639
7.9662814,0.013273,0.080549,0.942094,0.325258
7.9776354,0.013519,0.080674,0.941942,0.325658
7.98654,0.013762,0.08066,0.941737,0.326245
7.99714,0.013963,0.080568,0.941642,0.326532
8.013291,0.014297,0.080461,0.941839,0.325976
8.021825,0.014499,0.080506,0.941766,0.326166
8.033974,0.014632,0.080633,0.942195,0.324887
8.045494,0.014981,0.080805,0.942084,0.325149
8.054941,0.015375,0.080999,0.94204,0.32521
8.066274,0.015796,0.08113,0.941904,0.325552
8.076573,0.016121,0.081121,0.94198,0.325319
8.0882845,0.016437,0.080967,0.941871,0.325656
8.100569,0.016678,0.080779,0.941879,0.325667
8.11067,0.016895,0.08068,0.941783,0.325959
8.121893,0.017032,0.080747,0.941942,0.325473
8.132681,0.017425,0.081374,0.941687,0.326036
8.142388,0.017495,0.081821,0.941719,0.325828
8.153229,0.017514,0.082175,0.941603,0.326071
8.162327,0.017365,0.082428,0.94175,0.32559
8.17507,0.017207,0.082632,0.941675,0.325765
8.18399,0.017001,0.082942,0.94192,0.324986
8.19544,0.016919,0.083338,0.941813,0.325202
8.204352,0.016824,0.083766,0.941878,0.324907
8.21575,0.016746,0.084148,0.941776,0.325107
8.225242,0.016577,0.084506,0.942022,0.32431
8.236659,0.016498,0.084811,0.94194,0.324472
8.248005,0.016321,0.08512,0.942307,0.323333
8.259708,0.016341,0.085414,0.942229,0.323481
8.269563,0.0164,0.085779,0.942393,0.322906
8.280478,0.016564,0.086105,0.942347,0.322944
8.289982,0.016766,0.086323,0.942104,0.323583
8.301849,0.016967,0.086682,0.942135,0.323385
8.311987,0.016997,0.086874,0.942126,0.323358
8.322474,0.016986,0.087065,0.942186,0.323134
8.3323,0.016876,0.087327,0.942532,0.322057
8.3441515,0.01685,0.087596,0.942576,0.321858
8.354724,0.016793,0.087915,0.942861,0.320937
8.366049,0.016896,0.088287,0.942846,0.320873
8.377427,0.017061,0.088695,0.942847,0.320751
8.388612,0.017276,0.089084,0.94277,0.320856
8.39913,0.017428,0.089451,0.94271,0.320922
8.41172,0.017578,0.090068,0.942495,0.321373
8.421951,0.017697,0.090312,0.942061,0.322568
8.43535,0.017743,0.090624,0.941971,0.32274
8.446029,0.017793,0.091079,0.941998,0.322532
8.457508,0.018012,0.091602,0.941866,0.322757
8.467475,0.018335,0.092067,0.941624,0.323311
8.478864,0.018621,0.092434,0.941491,0.323577
8.490917,0.01904,0.092899,0.941056,0.324683
8.500793,0.019183,0.093103,0.941025,0.324708
8.511085,0.019349,0.093306,0.940935,0.3249
8.522786,0.019511,0.093468,0.940943,0.324819
8.533376,0.019702,0.093554,0.941037,0.324511
8.545921,0.019993,0.093569,0.94106,0.324423
8.556851,0.020332,0.093572,0.941138,0.324174
8.567688,0.020668,0.093554,0.941189,0.32401
8.578223,0.021066,0.093558,0.940855,0.32495
8.591662,0.021434,0.093607,0.941083,0.324253
8.601613,0.021617,0.093556,0.940889,0.324818
8.612602,0.021695,0.093535,0.941043,0.324372
8.62404,0.021977,0.093509,0.940633,0.325548
8.635784,0.022162,0.093499,0.940747,0.325209
8.64584,0.022692,0.093378,0.939853,0.327781
8.657216,0.0229,0.093264,0.93996,0.327493
8.669166,0.023228,0.093,0.939054,0.330133
8.680483,0.023066,0.092994,0.939223,0.329664
8.691118,0.023017,0.093002,0.938917,0.330537
8.702872,0.022834,0.093047,0.939063,0.330121
8.713647,0.022718,0.093036,0.938917,0.330548
8.724765,0.022516,0.09297,0.939041,0.330228
8.735367,0.022326,0.092853,0.939031,0.330303
8.746155,0.022065,0.092738,0.939117,0.330106
8.755744,0.021728,0.092708,0.939384,0.329378
8.769144,0.021209,0.092986,0.939473,0.329079
8.778339,0.020913,0.093204,0.939663,0.328493
8.79068,0.020648,0.093258,0.939661,0.328498
8.802012,0.020169,0.093302,0.940084,0.327306
8.813534,0.019779,0.093419,0.940146,0.327118
8.823503,0.019393,0.093629,0.940009,0.327473
8.834907,0.018815,0.093844,0.940082,0.327237
8.844342,0.018402,0.094032,0.939468,0.328965
8.858356,0.017378,0.094847,0.939708,0.328099
8.868971,0.016885,0.095228,0.939554,0.328456
8.880652,0.016282,0.095498,0.939729,0.327907
8.891632,0.015643,0.095748,0.939997,0.327097
8.90276,0.015016,0.096161,0.940264,0.326234
8.913373,0.014564,0.096847,0.940283,0.325997
8.924154,0.014045,0.097763,0.940581,0.324887
8.934573,0.013491,0.098691,0.940784,0.32404
8.9478245,0.011826,0.099969,0.941767,0.320843
8.957919,0.010632,0.10017,0.942418,0.318903
8.970216,0.009137,0.100091,0.943108,0.31693
8.980068,0.00742,0.100245,0.944316,0.313306
8.991868,0.00609,0.100781,0.945131,0.310698
9.001949,0.005012,0.101595,0.946094,0.307502
9.013416,0.004249,0.102342,0.94673,0.3053
9.022849,0.003278,0.102479,0.947279,0.303559
9.036197,-5.57E-4,0.099696,0.948474,0.300761
9.046733,-0.002853,0.097332,0.947884,0.303368
9.058372,-0.005796,0.095171,0.948582,0.301828
9.06975,-0.008322,0.093712,0.948483,0.302536
9.08107,-0.010901,0.092855,0.94906,0.300905
9.0916395,-0.01298,0.09247,0.948113,0.303911
9.102407,-0.015302,0.092441,0.948436,0.302801
9.112696,-0.017095,0.092735,0.94801,0.303946
9.125795,-0.019995,0.093155,0.948029,0.303581
9.1357155,-0.021099,0.092985,0.947386,0.305559
9.147983,-0.022497,0.092518,0.947461,0.30537
9.158018,-0.024118,0.091988,0.947806,0.304334
9.16977,-0.025797,0.091512,0.948011,0.303699
9.179972,-0.027402,0.091173,0.94835,0.302601
9.191426,-0.028589,0.091093,0.948484,0.302094
9.200082,-0.029341,0.09126,0.948598,0.301613
9.216585,-0.02964,0.091662,0.948504,0.301758
9.227824,-0.029464,0.091422,0.948472,0.301948
9.238109,-0.029253,0.090804,0.948464,0.302181
9.248066,-0.028873,0.090046,0.947834,0.304414
9.257213,-0.028697,0.089254,0.947897,0.304467
9.266347,-0.028286,0.088789,0.947566,0.305669
9.276756,-0.027797,0.088676,0.947586,0.305686
9.285851,-0.027209,0.088841,0.947746,0.305195
9.296034,-0.026417,0.089119,0.947671,0.305414
9.306173,-0.025684,0.089299,0.947986,0.304447
9.317831,-0.024855,0.089371,0.947924,0.304687
9.327805,-0.024016,0.089327,0.947742,0.305331
9.337608,-0.023229,0.089256,0.947666,0.305651
9.348316,-0.022632,0.089182,0.947802,0.305294
9.359071,-0.022154,0.089146,0.947732,0.305555
9.369909,-0.021896,0.089264,0.947882,0.305074
9.379323,-0.021789,0.089838,0.947863,0.304972
9.389769,-0.021914,0.090899,0.947872,0.304623
9.403362,-0.022373,0.093431,0.948088,0.303147
9.413308,-0.022365,0.094007,0.948212,0.302582
9.423752,-0.022286,0.093757,0.948364,0.302187
9.434347,-0.022314,0.092928,0.94852,0.301951
9.446813,-0.022464,0.091923,0.948749,0.301529
9.456333,-0.022598,0.091151,0.948906,0.30126
9.468298,-0.022752,0.090731,0.949227,0.30036
9.477881,-0.022734,0.090637,0.949363,0.299961
9.490377,-0.022632,0.090747,0.949732,0.298764
9.502246,-0.022377,0.091456,0.949971,0.297805
9.513604,-0.022523,0.091976,0.950092,0.29725
9.523945,-0.022879,0.092557,0.950172,0.296784
9.535562,-0.023317,0.093134,0.950002,0.297115
9.545627,-0.023912,0.09352,0.950044,0.296811
9.55697,-0.024539,0.093534,0.950109,0.296549
9.56648,-0.025061,0.093125,0.95017,0.296437
9.578609,-0.025438,0.092476,0.950055,0.296977
9.588871,-0.025859,0.091874,0.950094,0.297003
9.6020565,-0.026315,0.091551,0.949912,0.297644
9.612341,-0.026417,0.091721,0.94989,0.297653
9.624806,-0.026394,0.091947,0.949426,0.299061
9.634331,-0.026505,0.092093,0.949456,0.298913
9.646248,-0.026594,0.092109,0.949383,0.29913
9.654553,-0.026762,0.091899,0.949428,0.299039
9.667088,-0.026898,0.091521,0.94934,0.299419
9.675297,-0.027027,0.090998,0.949413,0.299338
9.687572,-0.027126,0.090451,0.949441,0.299405
9.696854,-0.027194,0.08995,0.949516,0.299311
9.707902,-0.027127,0.089613,0.949455,0.299612
9.717642,-0.027015,0.089448,0.949508,0.299504
9.730426,-0.026526,0.089488,0.949225,0.30043
9.741463,-0.026394,0.089587,0.949285,0.300222
9.754001,-0.026371,0.089739,0.949436,0.299701
9.764081,-0.026404,0.089976,0.949466,0.299534
9.774025,-0.026682,0.090497,0.949372,0.299648
9.783944,-0.026746,0.090617,0.949483,0.299255
9.793944,-0.028313,0.089417,0.949025,0.30092
9.803469,-0.028313,0.089417,0.949025,0.30092
9.811078,-0.02933,0.089149,0.948202,0.303487
9.823458,-0.030036,0.088771,0.948239,0.303413
9.833458,-0.030059,0.089209,0.947167,0.306613
9.845174,-0.030059,0.089209,0.947167,0.306613
9.861763,-0.029287,0.089887,0.947144,0.30656
9.8725,-0.028357,0.088441,0.947056,0.30734
